
----------------------------------
|     1    |     6  5 |  4       |
|          |     8  4 |  1       |
|  4       |          |     7    |
----------------------------------
|     5    |  1  9    |          |
|        3 |          |  7       |
|          |     3  7 |     5    |
----------------------------------
|     8    |          |        3 |
|        2 |  6  5    |          |
|        9 |  8  1    |     2    |
----------------------------------

----------------------------------
|     1    |     6  5 |  4       |
|          |     8  4 |  1       |
|  4       |     2  1 |     7    |
----------------------------------
|     5    |  1  9    |          |
|        3 |  5  4    |  7       |
|          |  2  3  7 |     5    |
----------------------------------
|     8    |  4  7  2 |        3 |
|        2 |  6  5  9 |  8       |
|        9 |  8  1  3 |     2    |
----------------------------------

----------------------------------
|  9  1  7 |  3  6  5 |  4  8  2 |
|  2  3  5 |  7  8  4 |  1  9  6 |
|  4  6  8 |  9  2  1 |  3  7  5 |
----------------------------------
|  7  5  6 |  1  9  8 |  2  3  4 |
|  8  2  3 |  5  4  6 |  7  1  9 |
|  1  9  4 |  2  3  7 |  6  5  8 |
----------------------------------
|  5  8  1 |  4  7  2 |  9  6  3 |
|  3  7  2 |  6  5  9 |  8  4  1 |
|  6  4  9 |  8  1  3 |  5  2  7 |
----------------------------------
