
---------------------------------------------------------------------------------------------------------------
|   2               6 |  24   9      20   3 |       4  23      11 |  13      10  17     |      14      19   5 |
|       1  22       5 |  23  19             |  12   2          25 |  11               9 |          18  21   6 |
|      24             |   4       8         |  16  19  18   5   3 |          12       6 |           9   1  25 |
|  11      23         |  10       1      25 |      17  20      13 |   4       2  22     |              16  24 |
|   8      13  21   3 |       6  18      17 |       9  22      14 |   1       5      25 |   7                 |
---------------------------------------------------------------------------------------------------------------
|                  15 |   7       3  16  20 |          21  10   2 |       1      11   8 |  25           4     |
|              23     |  21              19 |  24       3   6     |  17          18  16 |   9   2             |
|      21  19      10 |       4      15     |   5  18  25  23  12 |          13      20 |  11          14     |
|      13  20  17     |   6          25     |  19  11  14       4 |       2  21      23 |       8             |
|           6         |  17  14      22   9 |              16     |          25         |  24  19   3  23     |
---------------------------------------------------------------------------------------------------------------
|  10       2   9     |      17          16 |           7         |  22          13     |      25  20  18  15 |
|  13              22 |          21       1 |                  15 |                   5 |   2  12          19 |
|   1      15   8  14 |  22  25  23   7  11 |       6   2      10 |      20      21     |      24   5         |
|      20      25     |   5      15  19   2 |      16  11      24 |   6      18   8  17 |  23   9      22     |
|  21   6  18  19     |  20  12      14     |          17      22 |                   2 |  16   7  11       1 |
---------------------------------------------------------------------------------------------------------------
|                  17 |  25   2  20      10 |               4   1 |      12  24      15 |  22   5             |
|   5   2  24      25 |       8  19       7 |   9  10  12       6 |   3       4      13 |                     |
|   4   3       6  20 |      15  22      21 |      25   5   8     |  16              11 |          23  12  18 |
|      23   9  10  19 |               3   4 |              22     |       5   8   6   1 |      13  16      11 |
|      18             |   1      11      14 |  13   7  19      20 |   2  17  23  10  22 |   8      24         |
---------------------------------------------------------------------------------------------------------------
|   9           1     |      20  25       5 |               2  16 |  12                 |   4  15      11   8 |
|          25   7     |  15  16      17  13 |  14      10  20     |           9   5     |   1      21   3   2 |
|  23           2  12 |                   6 |   7   8      19     |  18  21  16  24     |  17          13   9 |
|  20   4  14      21 |                     |  22  15   6  25     |      13             |      16           7 |
|       8       3     |   9  24          12 |      21   1  17  23 |               2     |   6      14      10 |
---------------------------------------------------------------------------------------------------------------

---------------------------------------------------------------------------------------------------------------
|   2               6 |  24   9      20   3 |       4  23      11 |  13      10  17     |      14      19   5 |
|       1  22       5 |  23  19      13  15 |  12   2   8      25 |  11               9 |  10      18  21   6 |
|      24           7 |   4       8      22 |  16  19  18   5   3 |          12       6 |           9   1  25 |
|  11      23       9 |  10       1      25 |      17  20      13 |   4       2  22     |       3      16  24 |
|   8      13  21   3 |       6  18      17 |  10   9  22      14 |   1       5      25 |   7          20     |
---------------------------------------------------------------------------------------------------------------
|                  15 |   7       3  16  20 |  17      21  10   2 |       1      11   8 |  25           4     |
|              23     |  21              19 |  24       3   6     |  17          18  16 |   9   2             |
|      21  19      10 |       4      15     |   5  18  25  23  12 |          13      20 |  11          14     |
|      13  20  17     |   6          25     |  19  11  14       4 |       2  21      23 |       8             |
|           6         |  17  14      22   9 |          15  16     |          25         |  24  19   3  23     |
---------------------------------------------------------------------------------------------------------------
|  10       2   9     |      17          16 |           7         |  22          13     |      25  20  18  15 |
|  13              22 |          21       1 |           9      15 |                   5 |   2  12          19 |
|   1      15   8  14 |  22  25  23   7  11 |   4   6   2      10 |      20      21     |      24   5  17     |
|      20      25   4 |   5      15  19   2 |      16  11      24 |   6      18   8  17 |  23   9      22     |
|  21   6  18  19     |  20  12      14     |          17  13  22 |                   2 |  16   7  11       1 |
---------------------------------------------------------------------------------------------------------------
|  14  11      13  17 |  25   2  20      10 |  18  23  16   4   1 |      12  24      15 |  22   5             |
|   5   2  24  22  25 |  16   8  19  23   7 |   9  10  12  11   6 |   3       4      13 |              15     |
|   4   3   1   6  20 |  13  15  22      21 |   2  25   5   8  17 |  16              11 |      10  23  12  18 |
|   7  23   9  10  19 |  12  18  17   3   4 |  15  14  24  22  21 |  25   5   8   6   1 |  20  13  16   2  11 |
|      18          16 |   1   5  11      14 |  13   7  19   3  20 |   2  17  23  10  22 |   8      24         |
---------------------------------------------------------------------------------------------------------------
|   9           1  18 |      20  25       5 |   3  24  13   2  16 |  12                 |   4  15      11   8 |
|      22  25   7     |  15  16   4  17  13 |  14  12  10  20  18 |   8       9   5  19 |   1  23  21   3   2 |
|  23           2  12 |                   6 |   7   8   4  19   5 |  18  21  16  24     |  17          13   9 |
|  20   4  14      21 |                     |  22  15   6  25   9 |      13             |      16           7 |
|       8       3  13 |   9  24   7  18  12 |  11  21   1  17  23 |               2   4 |   6      14      10 |
---------------------------------------------------------------------------------------------------------------

---------------------------------------------------------------------------------------------------------------
|   2  25  12  18   6 |  24   9  16  20   3 |   1   4  23   7  11 |  13   8  10  17  21 |  15  14  22  19   5 |
|  16   1  22   4   5 |  23  19  14  13  15 |  12   2   8  24  25 |  11   3  20   7   9 |  10  17  18  21   6 |
|  17  24  10  20   7 |   4  21   8   2  22 |  16  19  18   5   3 |  14  23  12  15   6 |  13  11   9   1  25 |
|  11  14  23  15   9 |  10   7   1   5  25 |   6  17  20  21  13 |   4  19   2  22  18 |  12   3   8  16  24 |
|   8  19  13  21   3 |  11   6  18  12  17 |  10   9  22  15  14 |   1  24   5  16  25 |   7   4   2  20  23 |
---------------------------------------------------------------------------------------------------------------
|  24   9   5  14  15 |   7  23   3  16  20 |  17  13  21  10   2 |  19   1  22  11   8 |  25  18   6   4  12 |
|  25  12   4  23   8 |  21   1   5  11  19 |  24  22   3   6   7 |  17  15  14  18  16 |   9   2  13  10  20 |
|   3  21  19  16  10 |   2   4  24  15   8 |   5  18  25  23  12 |   7   6  13   9  20 |  11   1  17  14  22 |
|  22  13  20  17   1 |   6  10  12  25  18 |  19  11  14   9   4 |  24   2  21   3  23 |   5   8  15   7  16 |
|  18   7   6  11   2 |  17  14  13  22   9 |  20   1  15  16   8 |   5   4  25  12  10 |  24  19   3  23  21 |
---------------------------------------------------------------------------------------------------------------
|  10   5   2   9  11 |   8  17   6   4  16 |  23   3   7  12  19 |  22  14   1  13  24 |  21  25  20  18  15 |
|  13  17   7  24  22 |  18   3  21  10   1 |   8  20   9  14  15 |  23  16  11  25   5 |   2  12   4   6  19 |
|   1  16  15   8  14 |  22  25  23   7  11 |   4   6   2  18  10 |   9  20  19  21  12 |   3  24   5  17  13 |
|  12  20   3  25   4 |   5  13  15  19   2 |  21  16  11   1  24 |   6   7  18   8  17 |  23   9  10  22  14 |
|  21   6  18  19  23 |  20  12   9  14  24 |  25   5  17  13  22 |  15  10   3   4   2 |  16   7  11   8   1 |
---------------------------------------------------------------------------------------------------------------
|  14  11   8  13  17 |  25   2  20   6  10 |  18  23  16   4   1 |  21  12  24  19  15 |  22   5   7   9   3 |
|   5   2  24  22  25 |  16   8  19  23   7 |   9  10  12  11   6 |   3  18   4  20  13 |  14  21   1  15  17 |
|   4   3   1   6  20 |  13  15  22  24  21 |   2  25   5   8  17 |  16   9   7  14  11 |  19  10  23  12  18 |
|   7  23   9  10  19 |  12  18  17   3   4 |  15  14  24  22  21 |  25   5   8   6   1 |  20  13  16   2  11 |
|  15  18  21  12  16 |   1   5  11   9  14 |  13   7  19   3  20 |   2  17  23  10  22 |   8   6  24  25   4 |
---------------------------------------------------------------------------------------------------------------
|   9  10  17   1  18 |  14  20  25  21   5 |   3  24  13   2  16 |  12  22   6  23   7 |   4  15  19  11   8 |
|   6  22  25   7  24 |  15  16   4  17  13 |  14  12  10  20  18 |   8  11   9   5  19 |   1  23  21   3   2 |
|  23  15  11   2  12 |   3  22  10   1   6 |   7   8   4  19   5 |  18  21  16  24  14 |  17  20  25  13   9 |
|  20   4  14   5  21 |  19  11   2   8  23 |  22  15   6  25   9 |  10  13  17   1   3 |  18  16  12  24   7 |
|  19   8  16   3  13 |   9  24   7  18  12 |  11  21   1  17  23 |  20  25  15   2   4 |   6  22  14   5  10 |
---------------------------------------------------------------------------------------------------------------
