
----------------------------------
|  1  1    |     6  5 |  4       |
|          |     8  4 |  1       |
|  4       |          |     7    |
----------------------------------
|     5    |  1  9    |          |
|        3 |          |  7       |
|          |     3  7 |     5    |
----------------------------------
|     8    |          |        3 |
|        2 |  6  5    |          |
|        9 |  8  1    |     2    |
----------------------------------

----------------------------------
|  1  1    |     6  5 |  4       |
|          |     8  4 |  1       |
|  4       |     2  1 |     7    |
----------------------------------
|     5    |  1  9    |          |
|        3 |  5  4    |  7       |
|          |  2  3  7 |     5    |
----------------------------------
|     8    |  4  7  2 |        3 |
|        2 |  6  5  9 |  8       |
|        9 |  8  1  3 |     2    |
----------------------------------

----------------------------------
|  1  1    |     6  5 |  4       |
|          |     8  4 |  1       |
|  4       |     2  1 |     7    |
----------------------------------
|     5    |  1  9    |          |
|        3 |  5  4    |  7       |
|          |  2  3  7 |     5    |
----------------------------------
|     8    |  4  7  2 |        3 |
|        2 |  6  5  9 |  8       |
|        9 |  8  1  3 |     2    |
----------------------------------
